dataset: wikitext103
attn_type: mha
n_kv_head: 8
n_head: 8
n_layer: 8
n_embd: 512
batch_size: 64
block_size: 2048
gradient_accumulation_steps: 1
max_iters: 3000
step,train_loss,val_loss,iter,loss,time_ms,mfu_pct
0,10.9394,10.9400,,,,
,,,0,10.9411,119972.94,-100.00
,,,10,9.7791,333.91,51.09
,,,20,8.8608,334.62,51.08
,,,30,8.1173,334.13,51.08
,,,40,7.3877,336.29,51.04
,,,50,6.9107,335.95,51.02
,,,60,6.7334,335.94,50.99
,,,70,6.5656,337.38,50.95
,,,80,6.4415,337.22,50.92
,,,90,6.3006,336.78,50.89
,,,100,6.1494,336.89,50.87
,,,110,6.0330,30.09,102.47
,,,120,5.9804,337.63,97.28
,,,130,6.0003,338.66,92.59
,,,140,5.9239,339.68,88.35
,,,150,5.8573,337.86,84.57
,,,160,5.7709,338.84,81.14
,,,170,5.7858,338.01,78.08
,,,180,5.7042,338.37,75.31
,,,190,5.6623,339.89,72.80
,,,200,5.6079,338.07,70.57
,,,210,5.5939,338.95,68.54
,,,220,5.5798,338.35,66.73
,,,230,5.5690,339.32,65.09
,,,240,5.5050,338.44,63.62
,,,250,5.4517,338.29,62.30
,,,260,5.4335,338.09,61.12
,,,270,5.4516,339.58,60.03
,,,280,5.4205,339.63,59.05
,,,290,5.4119,340.02,58.16
,,,300,5.3346,338.20,57.39
,,,310,5.3309,338.63,56.69
,,,320,5.3318,338.00,56.07
,,,330,5.2197,337.81,55.51
,,,340,5.1750,339.09,54.99
,,,350,5.1088,337.86,54.54
,,,360,5.2292,338.36,54.13
,,,370,5.1270,338.03,53.76
,,,380,5.0963,338.67,53.42
,,,390,5.1106,338.96,53.12
,,,400,5.0162,337.44,52.86
,,,410,5.0419,337.81,52.62
,,,420,5.0506,860.78,49.34
,,,430,4.9776,338.02,49.46
,,,440,4.9123,337.82,49.56
,,,450,4.9156,337.57,49.66
,,,460,4.8951,338.73,49.73
,,,470,4.8895,339.30,49.78
,,,480,4.9512,338.74,49.84
,,,490,4.9193,339.32,49.89
500,4.8459,4.8174,,,,
,,,500,4.8425,50569.65,44.93
,,,510,4.7928,337.74,45.49
,,,520,4.7616,338.72,45.98
,,,530,4.7767,339.80,46.40
,,,540,4.7848,337.10,46.82
,,,550,4.7717,340.01,47.16
,,,560,4.6565,338.75,47.48
,,,570,4.7437,338.23,47.77
,,,580,4.7132,337.87,48.05
,,,590,4.7343,340.33,48.25
,,,600,4.5790,339.14,48.46
,,,610,4.6814,338.30,48.66
,,,620,4.6409,340.25,48.80
,,,630,4.5826,339.97,48.94
,,,640,4.5692,338.62,49.09
,,,650,4.5457,339.87,49.20
,,,660,4.5861,338.02,49.32
,,,670,4.4196,339.47,49.42
,,,680,4.4914,337.46,49.53
,,,690,4.3974,337.75,49.63
,,,700,4.4126,339.00,49.70
,,,710,4.4048,340.04,49.75
,,,720,4.3470,339.24,49.80
,,,730,4.4094,338.68,49.86
,,,740,4.4302,338.53,49.91
,,,750,4.3261,338.29,49.96
,,,760,4.3457,338.41,50.01
,,,770,4.3740,339.37,50.03
,,,780,4.3313,338.65,50.07
,,,790,4.3720,337.88,50.11
,,,800,4.2167,340.06,50.12
,,,810,4.2072,338.53,50.14
,,,820,4.3481,340.02,50.15
,,,830,4.1931,338.48,50.17
,,,840,4.1126,338.81,50.19
,,,850,4.1323,338.33,50.21
,,,860,4.1596,339.32,50.22
,,,870,4.2888,339.61,50.22
,,,880,4.1777,339.43,50.23
,,,890,4.2160,338.92,50.24
,,,900,4.2525,339.43,50.24
,,,910,4.0893,339.52,50.24
,,,920,4.0208,338.06,50.26
,,,930,4.1265,339.61,50.26
,,,940,4.1071,338.66,50.27
,,,950,4.1236,339.50,50.27
,,,960,4.1047,338.56,50.28
,,,970,4.0807,339.60,50.28
,,,980,4.0394,339.65,50.27
,,,990,3.9897,339.86,50.27
1000,4.0078,3.9924,,,,
,,,1000,4.0297,49452.15,45.27
,,,1010,3.9561,543.41,43.89
,,,1020,4.0745,339.74,44.52
,,,1030,3.9615,337.64,45.12
,,,1040,3.9763,338.39,45.65
,,,1050,3.9026,339.82,46.10
,,,1060,3.8988,338.35,46.54
,,,1070,3.9092,339.11,46.91
,,,1080,3.9697,338.57,47.26
,,,1090,3.9333,340.37,47.55
,,,1100,3.8905,338.35,47.83
,,,1110,3.9283,339.30,48.08
,,,1120,3.9075,340.21,48.29
,,,1130,3.9054,338.87,48.49
,,,1140,3.8426,336.89,48.71
,,,1150,3.8480,332.33,48.97
,,,1160,3.8413,311.09,49.56
,,,1170,3.8091,339.66,49.62
,,,1180,3.7786,338.01,49.71
,,,1190,3.8094,339.30,49.77
,,,1200,3.7567,339.15,49.82
,,,1210,3.8161,339.48,49.86
,,,1220,3.8795,338.73,49.91
,,,1230,3.7833,339.50,49.95
,,,1240,3.8065,338.46,49.99
,,,1250,3.7629,339.68,50.02
,,,1260,3.7857,338.85,50.05
,,,1270,3.7688,339.19,50.07
,,,1280,3.7718,337.82,50.12
,,,1290,3.7225,339.56,50.13
,,,1300,3.6924,339.07,50.15
,,,1310,3.7810,339.59,50.16
,,,1320,3.8035,338.74,50.18
,,,1330,3.8083,741.68,47.46
,,,1340,3.6510,339.02,47.75
,,,1350,3.7167,337.68,48.02
,,,1360,3.6996,277.09,49.38
,,,1370,3.7557,338.38,49.48
,,,1380,3.7283,340.20,49.55
,,,1390,3.6235,338.46,49.63
,,,1400,3.6437,339.38,49.70
,,,1410,3.6757,339.98,49.75
,,,1420,3.7067,338.00,49.82
,,,1430,3.6493,339.14,49.87
,,,1440,3.6250,339.63,49.90
,,,1450,3.6180,337.93,49.96
,,,1460,3.5833,340.13,49.98
,,,1470,3.6412,339.45,50.01
,,,1480,3.6341,338.08,50.05
,,,1490,3.6623,830.75,47.10
1500,3.6196,3.6194,,,,
,,,1500,3.6333,49407.07,42.43
,,,1510,3.5680,339.56,43.21
,,,1520,3.5399,338.64,43.93
,,,1530,3.6879,340.36,44.55
,,,1540,3.6513,339.19,45.12
,,,1550,3.6574,339.89,45.63
,,,1560,3.5712,339.18,46.10
,,,1570,3.6241,340.29,46.50
,,,1580,3.5765,338.21,46.89
,,,1590,3.6288,339.07,47.24
,,,1600,3.5777,339.57,47.54
,,,1610,3.6407,16.01,149.37
,,,1620,3.5924,339.10,139.47
,,,1630,3.5841,339.09,130.55
,,,1640,3.5373,339.71,122.52
,,,1650,3.5971,339.29,115.29
,,,1660,3.5022,338.38,108.81
,,,1670,3.5608,339.92,102.94
,,,1680,3.5439,340.47,97.66
,,,1690,3.5462,339.70,92.92
,,,1700,3.6168,338.08,88.67
,,,1710,3.5129,338.34,84.85
,,,1720,3.5749,48.01,111.90
,,,1730,3.5340,339.32,105.74
,,,1740,3.4858,338.46,100.20
,,,1750,3.5884,339.71,95.21
,,,1760,3.5075,338.62,90.72
,,,1770,3.6077,340.05,86.67
,,,1780,3.5727,339.01,83.03
,,,1790,3.4502,339.19,79.76
,,,1800,3.4326,340.14,76.80
,,,1810,3.5604,339.58,74.14
,,,1820,3.4692,339.66,71.75
,,,1830,3.5475,338.46,69.62
,,,1840,3.5360,338.45,67.70
,,,1850,3.4370,339.58,65.95
,,,1860,3.4500,339.03,64.39
,,,1870,3.5126,339.02,62.98
,,,1880,3.5062,339.00,61.72
,,,1890,3.4439,338.14,60.59
,,,1900,3.5264,338.64,59.57
,,,1910,3.5661,317.74,58.98
,,,1920,3.5063,338.69,58.12
,,,1930,3.4890,301.44,57.97
,,,1940,3.4884,313.93,57.61
,,,1950,3.4147,337.82,56.89
,,,1960,3.4890,339.76,56.23
,,,1970,3.3801,338.20,55.65
,,,1980,3.5015,339.45,55.11
,,,1990,3.4078,338.80,54.63
2000,3.4511,3.4653,,,,
,,,2000,3.5068,49104.98,49.21
,,,2010,3.5458,339.18,49.31
,,,2020,3.4805,339.41,49.41
,,,2030,3.4034,338.15,49.51
,,,2040,3.5614,340.01,49.58
,,,2050,3.4396,339.10,49.65
,,,2060,3.3340,340.06,49.70
,,,2070,3.3740,338.62,49.77
,,,2080,3.4420,338.90,49.83
,,,2090,3.3851,339.74,49.87
,,,2100,3.4426,1784.45,45.84
,,,2110,3.3987,338.55,46.29
,,,2120,3.4505,338.35,46.71
,,,2130,3.4504,339.86,47.06
,,,2140,3.3631,340.27,47.36
,,,2150,3.4038,338.29,47.67
,,,2160,3.3511,338.98,47.94
,,,2170,3.3964,339.32,48.17
,,,2180,3.4073,339.24,48.38
,,,2190,3.4487,338.35,48.59
,,,2200,3.3705,339.10,48.76
,,,2210,3.4176,962.78,45.65
,,,2220,3.3662,338.38,46.13
,,,2230,3.4301,339.69,46.54
,,,2240,3.3359,338.25,46.93
,,,2250,3.3628,307.95,47.78
,,,2260,3.3741,339.02,48.03
,,,2270,3.3618,16.22,148.44
,,,2280,3.4370,338.67,138.63
,,,2290,3.3829,338.71,129.81
,,,2300,3.4282,338.17,121.87
,,,2310,3.3394,339.42,114.71
,,,2320,3.3728,338.09,108.29
,,,2330,3.4465,338.79,102.49
,,,2340,3.3395,337.75,97.30
,,,2350,3.2967,338.04,92.61
,,,2360,3.3884,340.02,88.37
,,,2370,3.3557,338.53,84.57
,,,2380,3.3677,339.75,81.14
,,,2390,3.3693,339.58,78.05
,,,2400,3.3442,339.21,75.27
,,,2410,3.4153,339.09,72.77
,,,2420,3.3002,340.12,70.51
,,,2430,3.2975,339.40,68.49
,,,2440,3.4567,338.81,66.68
,,,2450,3.2943,338.97,65.04
,,,2460,3.3485,339.02,63.57
,,,2470,3.2600,338.37,62.25
,,,2480,3.3807,339.43,61.05
,,,2490,3.3549,338.85,59.98
2500,3.3423,3.3761,,,,
,,,2500,3.2904,49224.48,54.02
,,,2510,3.3329,339.39,53.65
,,,2520,3.3488,338.29,53.32
,,,2530,3.4156,340.69,53.00
,,,2540,3.3883,339.26,52.73
,,,2550,3.3693,339.94,52.47
,,,2560,3.3937,339.15,52.26
,,,2570,3.2828,339.30,52.06
,,,2580,3.3513,339.09,51.88
,,,2590,3.2865,338.96,51.73
,,,2600,3.3399,339.65,51.58
,,,2610,3.2834,338.07,51.47
,,,2620,3.3718,340.04,51.34
,,,2630,3.3638,338.65,51.24
,,,2640,3.3989,339.55,51.14
,,,2650,3.3756,339.25,51.06
,,,2660,3.2761,339.78,50.97
,,,2670,3.3254,337.97,50.92
,,,2680,3.3805,340.22,50.84
,,,2690,3.3506,338.72,50.80
,,,2700,3.2866,339.78,50.74
,,,2710,3.2958,315.92,51.06
,,,2720,3.2801,339.98,50.98
,,,2730,3.3584,241.41,52.95
,,,2740,3.3762,338.63,52.69
,,,2750,3.3729,339.10,52.45
,,,2760,3.1877,339.97,52.22
,,,2770,3.3101,338.95,52.04
,,,2780,3.2376,339.54,51.86
,,,2790,3.2220,337.87,51.72
,,,2800,3.1748,340.04,51.57
,,,2810,3.3404,338.82,51.44
,,,2820,3.2052,339.99,51.32
,,,2830,3.2552,17.12,145.83
,,,2840,3.3547,340.16,136.27
,,,2850,3.2709,339.19,127.67
,,,2860,3.2595,339.95,119.92
,,,2870,3.2136,337.74,112.98
,,,2880,3.2605,340.33,106.69
,,,2890,3.2834,338.53,101.06
,,,2900,3.2533,338.59,96.00
,,,2910,3.2302,338.95,91.43
,,,2920,3.3108,338.25,87.33
,,,2930,3.3153,340.56,83.61
,,,2940,3.2182,338.65,80.28
,,,2950,3.3468,15.77,180.43
,,,2960,3.2024,338.12,167.43
,,,2970,3.2362,339.03,155.72
,,,2980,3.3180,339.81,145.17
,,,2990,3.2485,339.05,135.69
3000,3.2625,3.3097,,,,
,,,3000,3.2377,49462.88,122.15
